>NCACRTG	M00722_2.00	8
0.130	0.353	0.298	0.219
0.001	0.976	0.007	0.017
0.995	0.000	0.005	0.001
0.118	0.880	0.000	0.002
0.288	0.005	0.707	0.000
0.095	0.166	0.000	0.738
0.133	0.144	0.545	0.178
>CACGTGSNN	M00854_2.00	8
0.025	0.974	0.001	0.001
0.814	0.064	0.084	0.039
0.009	0.882	0.000	0.108
0.094	0.000	0.905	0.001
0.000	0.044	0.017	0.939
0.022	0.000	0.944	0.034
0.082	0.321	0.524	0.072
0.143	0.351	0.263	0.243
0.263	0.266	0.238	0.233
>YCACGTGGNH	M08045_2.00	8
0.186	0.260	0.063	0.491
0.000	1.000	0.000	0.000
1.000	0.000	0.000	0.000
0.000	1.000	0.000	0.000
0.224	0.000	0.776	0.000
0.000	0.000	0.000	1.000
0.000	0.000	1.000	0.000
0.028	0.178	0.757	0.036
0.220	0.421	0.249	0.110
0.271	0.281	0.049	0.398
>GKRGGMCACGTGRMSWCK	M09780_2.00	8
0.074	0.185	0.556	0.185
0.185	0.037	0.370	0.407
0.407	0.074	0.444	0.074
0.222	0.000	0.630	0.148
0.185	0.111	0.630	0.074
0.407	0.407	0.185	0.000
0.000	1.000	0.000	0.000
1.000	0.000	0.000	0.000
0.000	1.000	0.000	0.000
0.000	0.000	1.000	0.000
0.000	0.000	0.000	1.000
0.000	0.000	1.000	0.000
0.407	0.074	0.481	0.037
0.333	0.444	0.222	0.000
0.111	0.333	0.481	0.074
0.407	0.222	0.000	0.370
0.148	0.704	0.148	0.000
0.148	0.074	0.333	0.444
>NDNNCCACGTGGVMNNN	M09781_2.00	8
0.469	0.062	0.281	0.188
0.281	0.125	0.312	0.281
0.312	0.062	0.406	0.219
0.250	0.344	0.406	0.000
0.031	0.812	0.156	0.000
0.000	1.000	0.000	0.000
1.000	0.000	0.000	0.000
0.000	1.000	0.000	0.000
0.000	0.000	1.000	0.000
0.000	0.000	0.000	1.000
0.000	0.000	1.000	0.000
0.000	0.000	1.000	0.000
0.281	0.312	0.344	0.062
0.469	0.469	0.000	0.062
0.344	0.406	0.250	0.000
0.219	0.250	0.344	0.188
0.125	0.344	0.188	0.344
>NBCACGTGVN	M01703_2.00	8
0.288	0.220	0.296	0.197
0.144	0.275	0.279	0.302
0.021	0.940	0.014	0.025
0.957	0.000	0.027	0.017
0.002	0.908	0.000	0.091
0.091	0.000	0.908	0.002
0.017	0.027	0.000	0.957
0.025	0.014	0.940	0.021
0.302	0.279	0.275	0.144
0.197	0.296	0.220	0.288
>NCACGTGWCNYNMN	M08404_2.00	8
0.158	0.447	0.202	0.193
0.000	1.000	0.000	0.000
0.982	0.000	0.018	0.000
0.000	1.000	0.000	0.000
0.000	0.009	0.991	0.000
0.000	0.000	0.000	1.000
0.000	0.096	0.904	0.000
0.421	0.123	0.123	0.333
0.132	0.640	0.149	0.079
0.246	0.281	0.237	0.237
0.114	0.351	0.070	0.465
0.193	0.254	0.246	0.307
0.316	0.465	0.000	0.219
0.246	0.325	0.105	0.325
>CACGTGSC	M08046_2.00	8
0.000	1.000	0.000	0.000
1.000	0.000	0.000	0.000
0.000	1.000	0.000	0.000
0.146	0.000	0.854	0.000
0.000	0.000	0.000	1.000
0.000	0.000	1.000	0.000
0.000	0.296	0.546	0.158
0.191	0.615	0.194	0.000
>YCACRTGS	M08047_2.00	8
0.000	0.273	0.000	0.727
0.000	1.000	0.000	0.000
1.000	0.000	0.000	0.000
0.000	1.000	0.000	0.000
0.318	0.000	0.682	0.000
0.000	0.000	0.000	1.000
0.000	0.000	1.000	0.000
0.000	0.332	0.563	0.105
>HNNCAYGTGN	M09452_2.00	8
0.264	0.272	0.213	0.252
0.332	0.229	0.174	0.265
0.114	0.343	0.220	0.324
0.001	0.997	0.001	0.001
0.997	0.001	0.001	0.001
0.001	0.746	0.001	0.252
0.179	0.001	0.819	0.001
0.001	0.001	0.001	0.997
0.001	0.001	0.997	0.001
0.356	0.230	0.306	0.107
